258 0
2975 1 0 0 0 0 0 0
4474 0 1 0 0 0 0 0
5930 0 0 1 0 0 0 0
6264 0 0 0 1 0 0 0
6642 0 0 1 0 0 0 0
6996 0 1 0 0 0 0 0
7395 1 0 0 0 0 0 0
8266 0 1 0 0 0 0 0
8667 1 0 0 0 0 0 0
9096 0 1 0 0 0 0 0
9504 1 0 0 0 0 0 0
9890 1 0 0 0 0 0 0
10268 0 1 0 0 0 0 0
10674 0 0 1 0 0 0 0
11370 0 0 0 1 0 0 0
11410 0 0 1 1 0 0 0
11547 0 1 1 0 0 0 0
11918 0 0 1 0 0 0 0
14953 0 0 0 0 1 0 1
16189 0 0 0 0 1 0 1
17475 0 0 0 0 0 0 1
17497 0 0 0 0 1 0 1
18750 0 0 0 0 1 0 1
19054 0 0 0 0 1 0 1
19404 0 0 0 0 0 1 0
19762 0 0 0 0 0 1 0
19906 0 0 0 0 0 0 1
20079 0 0 0 0 1 0 0
20385 0 0 0 0 1 0 0
20708 0 0 0 0 1 0 0
20880 0 0 0 0 0 1 0
20963 0 0 0 0 0 1 1
21051 0 0 0 0 0 1 1
21252 0 0 0 0 1 0 0
21640 0 0 0 0 1 0 0
21990 0 0 0 0 1 0 0
22167 0 0 0 0 0 1 0
22243 0 0 0 0 0 0 1
22335 0 0 0 0 0 1 1
22606 0 0 0 0 1 0 0
23204 0 0 0 1 0 0 0
23668 0 0 1 0 0 0 0
24209 0 1 0 0 0 0 0
25183 1 0 0 0 0 0 0
25676 0 1 0 0 0 0 0
25842 1 0 0 0 0 0 0
26303 0 1 0 0 0 0 0
26474 1 0 0 0 0 0 0
26800 1 0 0 0 0 0 0
26972 1 0 0 0 0 0 0
27140 1 0 0 0 0 0 0
27441 0 1 0 0 0 0 0
27586 0 0 1 0 0 0 0
27771 0 0 0 1 0 0 0
28344 0 0 0 0 1 0 0
28504 0 0 0 1 0 0 0
28903 0 0 0 0 1 0 0
29094 0 0 0 1 0 0 0
29411 0 0 1 0 0 0 0
29749 0 0 1 0 0 0 0
30446 0 0 1 0 0 0 0
30872 0 1 0 0 0 0 0
31050 0 1 0 0 0 0 0
31495 0 0 1 0 0 0 0
31675 0 0 0 1 0 0 0
32135 0 0 1 0 0 0 0
32319 0 0 1 0 0 0 0
32658 0 0 0 1 0 0 0
32979 0 0 1 0 0 0 0
33293 0 0 0 1 0 0 0
33467 0 0 1 0 0 0 0
33943 0 1 0 0 0 0 0
34111 0 1 0 0 0 0 0
34829 0 0 0 0 1 0 0
35179 0 0 0 0 0 1 0
35501 0 0 0 0 0 0 1
35985 0 0 0 0 0 0 1
36158 0 0 0 0 0 1 0
36626 0 0 0 0 0 0 1
36776 0 0 0 0 0 1 0
37121 0 0 0 0 1 0 0
37439 0 0 0 0 1 0 0
37781 0 0 0 0 1 0 0
37938 0 0 0 0 0 1 0
38068 0 0 0 0 0 0 1
38602 0 0 0 0 0 0 1
38766 0 0 0 0 0 1 0
39227 0 0 0 0 0 0 1
39393 0 0 0 0 0 1 0
39728 0 0 0 0 1 0 0
40057 0 0 0 0 1 0 0
40747 0 0 0 0 0 1 0
41191 0 0 0 0 1 0 0
41348 0 0 0 0 1 0 0
41866 0 0 0 0 0 1 0
42035 0 0 0 0 0 0 1
42444 0 0 0 0 0 1 0
42595 0 0 0 0 0 1 0
42920 0 0 0 0 0 0 1
43275 0 0 0 0 0 1 0
43602 0 0 0 0 0 0 1
43776 0 0 0 0 0 1 0
44203 0 0 0 0 1 0 0
44389 0 0 0 1 0 0 0
45815 0 0 0 0 0 0 1
45847 0 0 0 0 1 0 1
46327 0 0 0 0 0 0 1
46352 0 0 0 0 1 0 1
46834 0 0 0 0 0 0 1
46858 0 0 0 0 1 0 1
48368 1 0 1 0 0 0 0
48876 1 0 1 0 0 0 0
49393 1 0 1 0 0 0 0
51009 1 0 0 0 0 0 0
51331 0 1 0 0 0 0 0
51657 0 0 1 0 0 0 0
51987 0 0 0 1 0 0 0
52309 0 0 0 0 1 0 0
52628 0 0 0 0 0 1 0
52935 0 0 0 0 0 0 1
53266 0 0 0 0 0 1 0
53581 0 0 0 0 1 0 0
53894 0 0 0 1 0 0 0
54235 0 0 1 0 0 0 0
54568 0 1 0 0 0 0 0
54908 1 0 0 0 0 0 0
55529 0 0 0 0 1 0 0
55818 0 0 0 0 0 1 0
56167 0 0 0 0 0 0 1
56484 0 0 0 0 1 0 0
56643 0 0 0 0 0 1 0
56801 0 0 0 0 0 0 1
57110 0 0 0 0 0 1 0
57263 0 0 0 0 1 0 0
57420 0 0 0 1 0 0 0
57739 0 0 0 1 0 0 0
57869 0 0 0 0 1 0 0
58035 0 0 0 1 0 0 0
58463 0 0 1 0 0 0 0
58649 0 0 0 1 0 0 0
58826 0 0 0 0 1 0 0
59138 0 0 0 1 0 0 0
59299 0 0 0 0 1 0 0
59452 0 0 0 1 0 0 0
59588 0 0 0 0 1 0 0
59734 0 0 0 1 0 0 0
59870 0 0 0 0 1 0 0
60014 0 0 0 1 0 0 0
60378 0 0 0 1 0 0 0
60522 0 0 0 0 1 0 0
60666 0 0 0 0 0 1 0
61019 0 0 0 0 0 1 0
61163 0 0 0 0 0 0 1
61359 0 0 0 0 0 0 1
61719 0 0 0 0 0 1 0
61860 0 0 0 0 0 0 1
62028 0 0 0 0 0 0 1
62317 0 0 0 0 0 0 1
62476 0 0 0 0 0 0 1
62638 0 0 0 0 0 0 1
62794 0 0 0 0 0 0 1
62945 0 0 0 0 0 0 1
63095 0 0 0 0 0 0 1
63278 0 0 0 0 0 0 1
63970 0 0 0 0 0 1 0
64609 0 0 0 0 1 0 0
65243 0 0 0 1 0 0 0
65390 0 0 0 0 1 0 0
65563 0 0 0 1 0 0 0
65721 0 0 0 0 1 0 0
65909 0 0 1 0 0 0 0
67206 0 0 0 1 0 0 0
67827 0 0 0 1 0 0 0
68488 0 0 0 1 0 0 0
69108 0 0 1 0 0 0 0
69434 0 0 0 1 0 0 0
69582 0 0 0 0 1 0 0
69757 0 0 0 0 0 1 0
70062 0 0 0 0 1 0 0
70216 0 0 0 1 0 0 0
70409 0 0 0 0 1 0 0
70710 0 0 0 1 0 0 0
70863 0 0 0 0 1 0 0
71020 0 0 0 0 0 1 0
71368 0 0 0 0 1 0 0
71505 0 0 0 0 0 1 0
71698 0 0 0 0 0 1 1
72016 0 0 0 0 0 1 0
72238 0 0 0 0 0 1 0
72390 0 0 0 0 0 0 1
72659 0 0 0 0 0 1 0
72818 0 0 0 0 0 0 1
72978 0 0 0 0 0 1 0
73180 0 0 0 0 0 0 1
73300 0 0 0 0 0 1 0
73513 0 0 0 0 1 0 0
73944 0 0 0 0 1 0 0
74220 0 0 0 0 1 0 0
74559 0 0 0 0 1 0 0
74884 0 0 0 0 1 0 0
75214 0 0 0 0 1 0 0
75529 0 0 0 1 0 0 0
75757 0 0 0 0 0 1 0
75925 0 0 0 0 1 0 0
76062 0 0 0 1 0 0 0
76240 0 0 0 0 1 0 0
76896 0 0 0 0 1 0 0
76917 1 0 0 0 1 0 0
77503 1 0 0 0 1 0 0
78116 1 0 0 0 1 0 0
78755 1 0 0 0 1 0 0
79389 1 0 0 0 1 0 0
80056 1 0 0 0 1 0 0
80691 1 0 0 0 1 0 0
81022 0 1 0 1 0 0 0
81346 0 0 1 0 0 0 0
81994 1 0 0 0 1 0 0
82637 1 0 0 0 1 0 0
83272 1 0 0 0 1 0 0
83945 1 0 0 0 1 0 0
84601 1 0 0 0 1 0 0
85104 0 1 0 1 0 0 0
85662 0 0 1 0 0 0 0
86188 0 1 0 1 0 0 0
86528 1 0 0 0 1 0 0
87698 0 0 0 0 0 0 0
