220 0
3717 1 0 0 0 0 0 0
4398 0 1 0 0 0 0 0
5058 0 0 1 0 0 0 0
5606 0 0 1 0 0 0 0
5945 1 0 0 0 0 0 0
6317 0 1 0 0 0 0 0
7126 0 0 1 0 0 0 0
7843 1 0 0 0 0 0 0
8677 1 0 0 0 0 0 0
8855 0 1 0 0 0 0 0
9029 0 0 1 0 0 0 0
9218 0 0 0 1 0 0 0
9689 0 0 1 0 0 0 0
9863 0 0 0 1 0 0 0
10048 0 0 0 0 1 0 0
10397 0 0 1 0 0 0 0
10571 0 0 0 1 0 0 0
10740 0 0 0 0 1 0 0
11078 0 0 0 0 0 1 0
11450 0 0 0 0 1 0 0
11806 0 0 0 0 1 0 0
12709 0 0 1 0 0 0 0
12893 0 0 0 1 0 0 0
13075 0 0 0 0 1 0 0
14679 0 0 1 0 0 0 0
15050 0 0 1 0 0 0 0
15404 0 0 1 0 0 0 0
15766 0 0 1 0 0 0 0
16116 0 0 1 0 0 0 0
16457 0 0 1 0 0 0 0
16800 0 0 1 0 0 0 0
17139 0 0 1 0 0 0 0
17471 1 0 0 0 0 0 0
17803 1 0 0 0 0 0 0
18178 1 0 0 0 0 0 0
18535 1 0 0 0 0 0 0
18884 1 0 0 0 0 0 0
19230 1 0 0 0 0 0 0
19573 1 0 0 0 0 0 0
19886 1 0 0 0 0 0 0
20215 0 0 0 1 0 0 0
20545 0 0 0 1 0 0 0
20890 0 0 0 1 0 0 0
21242 0 0 0 1 0 0 0
21577 0 0 0 1 0 0 0
21921 0 0 0 1 0 0 0
22244 0 0 0 1 0 0 0
22583 0 0 0 1 0 0 0
22899 0 1 0 0 0 0 0
23266 0 1 0 0 0 0 0
23638 0 1 0 0 0 0 0
23977 0 1 0 0 0 0 0
24310 0 1 0 0 0 0 0
24974 0 1 0 0 0 0 0
25671 1 0 1 0 0 0 0
26041 0 0 0 1 0 0 0
26359 0 1 0 0 0 0 0
26541 0 0 1 0 0 0 0
26932 0 1 0 0 0 0 0
27094 0 0 1 0 0 0 0
27428 0 1 0 0 0 0 0
27581 0 0 1 0 0 0 0
27903 0 0 0 1 0 0 0
28281 0 0 1 0 0 0 0
28720 0 0 1 0 0 0 0
29139 0 0 1 0 0 0 0
29302 0 1 0 0 0 0 0
29685 1 0 0 0 0 0 0
31151 1 0 1 0 0 0 0
31529 0 1 0 0 0 0 0
31844 0 1 0 0 0 0 0
32028 0 0 1 0 0 0 0
32470 0 0 0 1 0 0 0
33097 0 0 1 0 0 0 0
33888 0 1 0 0 0 0 0
34619 0 1 0 0 0 0 0
35271 1 0 1 0 0 0 0
35961 1 0 1 0 0 0 0
36985 0 0 0 0 0 0 1
37384 0 0 0 0 1 0 0
37539 0 0 0 0 0 1 0
37882 0 0 0 0 0 1 0
38062 0 0 0 0 1 0 0
38391 0 0 0 0 0 1 0
38552 0 0 0 0 1 0 0
38913 0 0 0 0 0 1 0
39250 0 0 0 0 1 0 0
39674 0 0 0 0 1 0 0
40090 0 0 0 0 1 0 0
40256 0 0 0 1 0 0 0
40656 0 0 1 0 0 0 0
42142 0 0 0 0 0 0 1
42521 0 0 0 0 0 0 1
42872 0 0 0 0 0 0 1
43214 0 0 0 0 0 0 1
43574 0 0 0 0 0 0 1
43902 0 0 0 0 0 0 1
44212 0 0 0 0 0 0 1
44561 0 0 0 0 0 0 1
44891 0 0 0 0 0 1 0
45454 0 0 0 0 1 0 0
45990 0 1 0 1 0 0 0
47270 1 0 0 0 0 0 0
47446 0 1 0 0 0 0 0
47636 0 0 1 0 0 0 0
48619 0 1 0 0 0 0 0
48787 1 0 0 0 0 0 0
49692 0 0 1 0 0 0 0
50007 0 0 0 1 0 0 0
50382 1 0 0 0 0 0 0
50873 0 0 0 0 1 0 0
51410 0 0 0 0 1 0 0
53117 0 0 1 0 0 0 0
53653 0 0 1 0 0 0 0
54245 0 1 0 0 0 0 0
55829 1 0 1 0 0 0 0
56550 1 0 1 0 0 0 0
57265 1 0 1 0 0 0 0
57963 1 0 1 0 0 0 0
58617 0 1 0 1 0 0 0
58972 0 1 0 1 0 0 0
59334 0 1 0 1 0 0 0
59695 0 1 0 1 0 0 0
60049 0 1 0 1 0 0 0
60390 0 1 0 1 0 0 0
60729 0 1 0 1 0 0 0
61375 0 0 0 0 1 0 0
61989 0 0 0 0 1 0 0
62453 1 0 0 0 0 0 0
62629 1 0 0 0 0 0 0
63369 0 1 0 0 0 0 0
63715 0 0 1 0 0 0 0
64066 0 0 0 1 0 0 0
64400 0 0 1 0 0 0 0
64573 0 0 0 1 0 0 0
64860 0 0 1 0 0 0 0
65259 0 0 1 0 0 0 0
65454 0 0 0 1 0 0 0
65806 0 0 0 0 1 0 0
65994 0 0 0 1 0 0 0
66304 0 0 1 0 0 0 0
66714 0 0 0 1 0 0 0
67513 0 0 0 0 1 0 0
67872 0 0 0 0 1 0 0
68224 0 0 0 0 1 0 0
69516 1 0 1 0 0 0 0
70259 1 0 1 0 0 0 0
70934 1 0 1 0 0 0 0
71479 0 0 0 1 0 0 0
71847 0 1 0 0 0 0 0
72189 0 0 1 0 0 0 0
72772 1 0 0 0 0 0 0
72948 0 1 0 0 0 0 0
73123 0 0 1 0 0 0 0
75033 0 1 0 1 0 0 0
75749 0 1 0 1 0 0 0
76429 0 1 0 1 0 0 0
76998 0 0 0 0 0 1 0
77376 0 0 0 1 0 0 0
77690 0 0 0 1 0 0 0
78643 0 0 0 1 0 0 0
78831 0 0 0 0 1 0 0
79000 0 0 0 0 0 1 0
79893 0 0 0 0 0 1 0
80061 0 0 0 0 1 0 0
80222 0 0 0 0 0 1 0
80410 0 0 0 0 0 0 1
80578 0 0 0 0 0 0 1
81095 0 0 0 0 0 1 0
81277 0 0 0 0 0 0 1
81421 0 0 0 0 0 0 1
81825 0 0 0 0 0 1 0
81988 0 0 0 0 0 0 1
82165 0 0 0 0 0 0 1
82511 0 0 0 0 0 0 1
82859 0 0 0 0 0 1 0
83198 0 0 0 0 1 0 0
83986 0 0 0 0 1 0 0
84704 0 0 1 0 1 0 0
85270 0 0 0 1 0 0 0
85642 0 0 0 1 0 0 0
85983 0 0 0 1 0 0 0
86762 0 0 1 0 1 0 0
87124 0 0 1 0 1 0 0
87453 0 0 0 0 1 0 0
87796 0 0 0 1 0 0 0
87948 0 0 1 0 0 0 0
88320 0 0 0 0 1 0 0
88651 0 0 0 0 1 0 0
88823 0 0 0 1 0 0 0
89809 0 0 0 1 0 0 0
90170 0 0 0 0 1 0 0
90885 0 0 0 0 0 1 0
91554 0 0 0 0 1 0 0
92719 0 0 0 0 1 0 0
