380 16
4441 2 0 1 0 0 0 0
4645 3 0 1 0 0 0 0
4951 3 0 1 0 0 0 0
5359 3 0 1 0 0 0 0
5563 3 0 1 0 0 0 0
5767 3 0 1 0 0 0 0
5869 4 0 0 0 0 0 0
6072 0 2 0 1 0 0 0
6378 0 3 0 1 0 0 0
6683 0 3 0 1 0 0 0
7091 0 3 0 1 0 0 0
7295 0 3 0 1 0 0 0
7499 0 4 0 1 0 0 0
7701 0 0 2 0 1 0 0
8007 0 0 3 0 1 0 0
8416 0 0 3 0 1 0 0
8722 0 0 3 0 1 0 0
8926 0 0 3 0 1 0 0
9133 0 0 4 0 1 0 0
9335 1 0 0 0 1 0 0
9737 1 0 0 0 1 0 0
10039 0 0 0 0 1 0 0
10241 1 0 0 0 0 0 0
10444 0 0 0 0 1 0 0
10647 1 0 0 0 1 0 0
10849 0 0 0 0 1 0 0
11051 0 1 0 0 1 0 0
11354 0 0 0 0 1 0 0
11456 0 1 0 0 0 0 0
11658 0 0 0 0 1 0 0
11860 0 1 0 0 0 0 0
12062 0 0 0 0 1 0 0
12267 0 1 0 0 0 0 0
12369 0 0 0 0 1 0 0
12771 0 0 1 0 0 0 0
12873 0 0 0 2 0 0 0
13078 0 0 0 4 1 0 0
13180 0 0 0 1 0 0 0
13281 0 0 2 0 0 0 0
13490 0 0 4 1 0 0 0
13592 0 0 0 0 2 0 0
13795 0 0 0 1 4 0 0
13898 0 0 1 0 0 0 0
14000 0 0 0 1 1 0 0
14204 0 0 1 0 1 0 0
14307 0 0 0 1 0 0 0
14409 0 1 1 0 0 0 0
14711 0 1 1 0 0 0 0
15013 0 1 1 0 0 0 0
16117 2 0 0 1 0 0 0
16526 3 0 0 1 0 0 0
16731 3 0 1 0 0 0 0
16833 3 0 0 1 0 0 0
17140 3 0 0 0 1 0 0
17242 3 0 0 0 1 0 0
17549 4 0 0 0 1 0 0
17651 0 0 0 1 0 0 0
17753 0 2 0 0 0 0 0
17958 0 3 0 1 0 0 0
18267 0 4 1 0 0 0 0
18571 0 1 0 0 0 0 0
19373 0 2 0 1 0 0 0
19679 0 3 0 1 0 0 0
19987 0 3 0 0 1 0 0
20089 0 3 0 1 0 0 0
20395 0 3 0 0 1 0 0
20600 0 3 0 0 0 1 0
20804 0 4 0 0 1 0 0
21006 0 0 2 1 0 0 0
21314 0 0 3 0 1 0 0
21620 0 0 3 0 0 1 0
21927 0 0 3 0 1 0 0
22235 0 0 4 0 0 0 0
22737 0 2 0 2 0 0 0
23451 0 4 0 4 0 0 0
23553 0 0 1 0 1 0 0
23956 0 0 0 0 0 1 0
24059 0 0 1 0 0 0 0
24363 0 0 1 0 1 0 0
24765 0 0 0 0 1 0 0
24967 0 0 0 1 0 0 0
25169 0 0 1 0 0 0 0
25371 0 0 0 1 0 0 0
25573 0 0 1 0 0 0 0
25775 0 0 0 1 0 0 0
25977 0 0 0 0 1 0 0
26180 0 0 0 1 0 0 0
26582 0 0 0 1 0 0 0
26884 0 0 0 1 0 0 0
27087 0 0 0 0 1 0 0
27289 0 0 0 0 1 0 0
27493 0 0 0 0 1 0 0
27695 0 0 0 1 0 0 0
27997 0 0 0 0 1 0 0
28298 0 0 0 1 0 0 0
28500 0 0 0 0 1 0 0
28802 0 0 0 0 1 0 0
28904 0 0 0 1 0 0 0
29106 0 0 0 0 1 0 0
29409 0 0 0 1 0 0 0
29611 0 0 0 0 1 0 0
29713 0 0 0 1 0 0 0
30015 0 0 0 0 1 0 0
30217 0 0 0 1 0 0 0
30421 0 0 0 0 1 0 0
30623 0 0 0 1 0 0 0
30825 0 0 0 0 1 0 0
31027 0 0 1 0 0 0 0
31229 0 0 0 1 0 0 0
31432 0 0 1 0 0 0 0
31634 0 0 0 1 0 0 0
31836 0 0 1 0 0 0 0
32138 0 0 0 1 0 0 0
32240 0 0 1 0 0 0 0
32442 0 0 0 1 0 0 0
32744 0 1 0 0 0 0 0
32947 0 0 1 0 0 0 0
33149 0 1 0 0 0 0 0
33453 0 0 1 0 0 0 0
33855 0 1 0 0 0 0 0
34058 0 0 1 0 0 0 0
34260 0 1 0 0 0 0 0
34463 0 0 1 0 0 0 0
34765 0 0 1 0 0 0 0
35068 0 0 0 1 0 0 0
36070 0 0 1 0 1 0 0
36372 0 0 0 0 1 0 0
36575 0 0 0 1 0 0 0
37277 0 0 1 0 0 0 0
37479 0 0 0 1 0 0 0
37681 0 0 1 0 0 0 0
37983 0 0 0 1 0 0 0
38287 0 0 1 0 0 0 0
39391 1 0 1 0 0 0 0
39695 0 0 1 0 0 0 0
39998 0 1 0 0 0 0 0
40600 1 0 0 0 0 0 0
40804 0 1 0 0 0 0 0
41106 0 0 1 0 0 0 0
41408 0 0 1 0 0 0 0
41710 0 1 0 1 0 0 0
42112 0 0 1 0 0 0 0
42314 0 1 0 0 0 0 0
42518 0 0 0 1 0 0 0
42720 0 0 1 0 0 0 0
43025 0 0 1 0 0 0 0
43329 0 1 0 0 0 0 0
43631 1 0 0 0 0 0 0
44333 1 0 0 0 0 0 0
44435 0 1 0 0 0 0 0
44637 1 0 0 0 0 0 0
44740 0 1 0 0 0 0 0
45042 1 1 0 0 0 0 0
45244 1 1 0 0 0 0 0
46150 0 1 1 0 0 0 0
46454 0 0 1 0 0 0 0
46656 0 0 1 0 0 0 0
46958 0 0 1 1 0 0 0
47260 0 0 0 1 0 0 0
47462 0 0 0 1 0 0 0
47764 0 0 0 1 1 0 0
48065 0 0 0 0 1 0 0
48268 0 0 0 0 0 1 0
48572 0 0 0 1 0 0 0
48975 0 0 0 1 0 0 0
49381 0 0 1 1 0 0 0
49683 0 0 0 1 0 0 0
49986 0 0 0 1 0 0 0
50188 0 0 0 1 1 0 0
50490 0 0 0 0 1 0 0
50692 0 0 0 0 1 0 0
50994 0 0 0 0 1 1 0
51296 0 0 0 0 0 1 0
51498 0 0 0 0 0 1 0
51802 0 0 0 0 1 0 0
52306 0 0 0 0 1 0 0
52709 0 0 1 0 1 0 0
53111 0 0 0 0 1 0 0
53413 0 0 0 1 0 0 0
53615 0 0 1 0 0 0 0
54017 0 0 1 0 0 0 0
54319 0 0 0 1 0 0 0
54522 0 0 0 0 1 0 0
54827 0 0 0 0 1 0 0
55030 0 0 0 1 0 0 0
55332 0 0 1 0 0 0 0
56134 0 1 0 1 0 0 0
56436 0 1 0 0 0 0 0
56538 0 0 0 1 0 0 0
56740 0 0 0 1 0 0 0
56842 0 1 0 0 0 0 0
57147 0 0 0 1 0 0 0
57349 0 0 1 0 0 0 0
57551 0 0 0 1 0 0 0
57755 0 0 1 0 1 0 0
58057 0 0 1 0 1 0 0
58359 0 0 0 1 0 0 0
58560 0 0 1 0 0 0 0
58962 0 1 0 0 0 0 0
59364 0 0 2 0 0 0 0
59569 0 0 4 1 1 0 0
59773 0 0 0 0 0 1 0
59875 0 0 0 0 1 0 0
59977 0 0 0 2 0 0 0
60181 0 0 1 4 0 0 0
60283 0 0 0 2 0 0 0
60487 0 0 0 4 1 0 0
60590 0 0 0 0 0 1 0
60694 0 0 0 0 1 0 0
60796 0 0 0 2 0 0 0
61000 0 0 1 4 0 0 0
61102 0 1 0 1 0 0 0
61505 0 1 0 1 0 0 0
61808 0 0 1 1 0 0 0
62110 0 0 0 0 1 0 0
62312 0 0 0 0 1 0 0
62614 0 0 0 0 0 1 0
62817 0 0 0 0 1 0 0
63119 0 0 0 1 0 0 0
63421 0 0 1 0 0 0 0
63623 0 0 1 0 0 0 0
64427 0 0 1 1 0 0 0
64729 0 0 0 1 0 0 0
65031 0 0 1 0 0 0 0
65133 0 0 0 1 0 0 0
65433 0 0 0 0 1 0 0
65635 0 0 0 1 0 0 0
65837 0 0 0 1 0 0 0
66139 0 0 0 1 0 0 0
66341 0 0 1 0 0 0 0
66643 0 0 0 1 0 0 0
66947 0 0 0 0 1 0 0
67749 0 1 1 0 0 0 0
67950 0 1 0 0 0 0 0
68152 0 1 0 0 0 0 0
68454 0 1 0 0 0 0 0
68656 0 1 0 0 0 0 0
68858 0 1 0 0 0 0 0
69160 0 1 0 0 0 0 0
69363 1 0 0 1 0 0 0
69767 1 0 0 1 0 0 0
70069 0 0 0 0 1 0 0
70471 0 0 1 0 0 0 0
70673 0 0 0 1 0 0 0
70875 0 1 0 0 0 0 0
71377 0 1 0 0 0 0 0
71879 0 1 0 0 0 0 0
72081 0 1 0 0 0 0 0
72283 0 1 0 0 0 0 0
72485 0 1 0 0 0 0 0
72789 0 0 1 0 1 0 0
73091 0 0 0 0 1 0 0
73393 0 0 0 1 0 1 0
73495 0 0 1 0 0 0 0
73598 0 0 0 1 0 0 0
74400 0 0 1 0 0 0 0
74502 0 0 0 1 0 0 0
74804 0 0 1 1 0 0 0
75106 0 0 1 1 0 0 0
75508 0 0 1 0 0 0 0
75710 0 0 0 0 1 0 0
75914 0 0 0 1 0 0 0
76417 0 0 0 1 0 0 0
76720 0 0 1 0 0 0 0
76922 0 0 0 1 0 0 0
77724 0 1 1 0 0 0 0
78126 0 1 1 0 0 0 0
78428 0 1 0 0 0 0 0
78530 0 0 1 0 0 0 0
78834 0 1 0 0 0 0 0
79036 0 0 0 1 0 0 0
79238 0 0 1 0 0 0 0
79440 0 0 0 1 0 0 0
79742 0 0 1 0 0 0 0
79944 0 0 0 0 1 0 0
80246 0 0 0 1 0 0 0
80648 0 0 0 1 0 0 0
81050 0 0 1 1 0 0 0
81552 0 0 1 0 0 0 0
81856 0 0 1 0 0 0 0
82258 0 0 0 1 0 0 0
82663 0 0 1 0 0 0 0
83065 0 0 1 0 0 0 0
83367 0 0 0 1 0 0 0
83572 0 0 1 0 0 0 0
83774 0 0 0 0 1 0 0
83978 0 0 0 1 0 0 0
84180 0 0 0 0 0 1 0
84382 0 0 0 0 1 0 0
84584 0 0 0 0 0 1 0
84786 0 0 0 1 0 0 0
84990 0 0 0 0 0 0 1
85192 0 0 0 0 1 0 0
85394 0 0 0 0 0 1 0
85597 0 0 0 1 0 0 0
85799 0 0 0 0 0 0 1
86101 0 0 0 0 1 0 1
86403 0 0 0 0 1 0 1
86805 0 0 0 0 1 0 1
87307 0 0 0 0 1 0 1
87609 0 0 0 0 0 1 0
87811 0 0 0 1 0 0 0
88015 0 0 0 0 0 0 1
88217 0 0 0 0 1 0 0
88419 0 0 0 0 0 1 0
88622 0 0 0 1 0 0 0
88824 0 0 0 0 0 0 1
89026 0 0 1 0 0 0 0
89228 0 0 0 0 0 1 0
89430 0 0 0 1 0 0 0
89732 0 0 0 1 0 0 0
90234 0 0 0 1 0 0 0
90737 0 0 0 1 0 0 0
91140 0 0 1 0 1 0 0
