54 5
6348 0 0 2 0 1 0 0
6553 0 0 3 0 0 1 0
6757 0 0 3 0 1 0 0
6961 0 0 3 0 0 1 0
7063 0 0 3 0 1 0 0
7267 0 0 3 0 0 1 0
7470 0 0 3 0 1 0 0
7674 0 0 4 0 0 1 0
7876 0 2 0 1 0 0 0
8080 0 3 0 0 1 0 0
8284 0 3 0 1 0 0 0
8488 0 3 0 0 1 0 0
8693 0 3 0 1 0 0 0
8897 0 3 0 0 1 0 0
8999 0 4 0 1 0 0 0
9202 2 0 1 0 0 0 0
9408 3 0 0 1 0 0 0
9614 3 0 1 0 0 0 0
9819 3 0 0 1 0 0 0
10023 3 0 1 0 0 0 0
10228 3 0 0 1 0 0 0
10432 4 0 1 0 0 0 0
10634 0 1 0 0 0 0 0
11137 0 1 0 0 0 0 0
11439 0 1 0 0 0 0 0
11841 0 1 0 0 0 0 0
12245 0 0 2 0 1 0 0
12449 0 0 3 0 0 1 0
13060 0 0 3 0 1 0 0
13773 0 0 3 0 1 0 0
14489 0 0 4 0 0 1 0
15193 0 0 0 2 0 1 0
15397 0 0 0 3 0 0 1
15911 0 0 0 3 0 1 0
16730 0 0 0 3 0 1 0
17343 0 0 0 3 0 0 1
17547 0 0 0 4 0 0 0
18149 0 0 0 0 0 0 1
18553 0 0 0 0 1 0 0
18758 0 0 1 0 0 0 0
19160 0 1 0 0 0 0 0
19362 0 0 1 0 0 0 0
19564 0 0 0 1 0 0 0
19967 0 0 1 0 0 0 0
20168 0 0 0 1 0 0 0
