27 2
6233 2 0 2 0 1 0 0
6641 3 0 3 0 1 0 0
7050 3 0 3 0 1 0 0
7356 3 0 3 0 1 0 0
7764 3 0 3 0 1 0 0
8172 3 0 3 0 1 0 0
8478 3 0 3 0 1 0 0
8888 3 0 3 0 1 0 0
9297 3 0 3 0 0 1 0
10010 3 0 3 0 0 1 0
10725 3 0 3 0 0 1 0
11439 3 0 3 0 0 1 0
12155 3 0 3 0 0 1 0
12972 3 0 3 0 0 1 0
13688 3 0 3 0 0 1 0
14096 3 0 3 0 1 0 0
14402 3 0 3 0 0 0 1
15222 3 0 3 0 0 1 0
15937 3 0 3 0 0 1 0
16654 3 0 3 0 0 1 0
17063 3 0 3 0 1 0 0
17470 3 0 3 0 0 0 1
17776 3 0 3 0 0 1 0
17981 4 0 4 0 0 0 0
