63 3
6251 2 0 1 0 0 0 0
6457 3 0 0 0 1 0 0
6661 3 0 1 0 0 0 0
6863 3 0 0 0 1 0 0
7068 3 0 1 0 0 0 0
7272 3 0 0 0 1 0 0
7478 3 0 1 0 0 0 0
7580 4 0 0 0 1 0 0
7782 0 2 0 1 0 0 0
7986 0 3 0 0 0 1 0
8190 0 3 0 1 0 0 0
8392 0 3 0 0 0 1 0
8597 0 3 0 1 0 0 0
8699 0 3 0 0 0 1 0
8903 0 3 0 1 0 0 0
9109 0 4 0 0 0 1 0
9311 0 0 2 0 1 0 0
9516 0 0 3 0 0 0 1
9617 0 0 3 0 1 0 0
9821 0 0 3 0 0 0 1
10026 0 0 3 0 1 0 0
10230 0 0 3 0 0 0 1
10435 0 0 3 0 1 0 0
10537 0 0 4 0 0 0 1
10739 0 0 0 1 0 1 0
11142 0 0 0 1 0 1 0
11343 0 0 0 0 1 0 0
11646 0 0 1 0 0 0 0
11848 0 0 0 0 1 0 0
12050 0 0 0 1 0 0 0
12257 0 0 0 0 1 0 0
12659 0 0 0 0 1 0 0
12961 0 0 0 0 0 1 0
13267 0 0 0 0 0 1 0
13672 1 0 1 0 0 1 0
14074 0 0 0 0 0 1 0
14476 0 1 0 0 0 1 0
14778 0 0 0 0 0 1 0
15183 0 0 1 0 0 1 0
15585 0 0 0 0 0 1 0
15989 0 0 0 1 0 1 0
16391 0 0 0 0 0 1 0
16693 0 0 1 0 1 1 0
17095 0 0 0 0 1 0 0
17197 0 0 0 1 0 0 0
17400 0 0 0 0 0 1 0
17602 0 0 0 0 1 0 0
17804 0 0 0 0 0 1 0
