55 12
6230 0 0 2 0 1 0 0
6435 0 0 3 0 0 1 0
6640 0 0 3 0 1 0 0
6845 0 0 3 0 0 1 0
7049 0 0 3 0 1 0 0
7253 0 0 3 0 0 1 0
7354 0 0 3 0 1 0 0
7559 0 0 4 0 0 1 0
7761 0 1 0 0 2 0 0
7965 0 0 1 0 3 0 0
8169 0 1 0 0 3 0 0
8371 0 0 1 0 3 0 0
8471 0 1 0 0 3 0 0
8672 0 0 1 0 3 0 0
8877 0 1 0 0 3 0 0
8980 0 0 0 0 4 0 0
9084 0 0 1 0 0 0 0
9286 0 0 2 0 1 0 0
9491 0 0 3 0 0 1 0
9594 0 0 3 0 1 0 0
9799 0 0 3 0 0 1 0
10003 0 0 3 0 1 0 0
10208 0 0 3 0 0 1 0
10412 0 0 3 0 1 0 0
10514 0 0 4 0 0 0 0
10616 0 0 0 0 0 1 0
10718 0 1 0 0 2 0 0
10922 0 0 1 0 3 0 0
11127 0 1 0 0 3 0 0
11332 0 0 1 0 3 0 0
11536 0 1 0 0 3 0 0
11638 0 0 1 0 3 0 0
11842 0 1 0 0 3 0 0
11943 0 0 0 0 4 0 0
12247 2 0 0 0 0 0 0
12955 4 2 0 0 0 0 0
13568 0 4 0 0 0 0 0
13770 0 0 2 0 0 0 0
14385 0 0 4 2 0 0 0
14795 0 0 0 4 0 0 0
15097 0 0 0 0 2 0 0
15917 0 0 0 0 4 2 0
16634 0 0 0 0 0 4 2
17349 0 0 0 0 0 2 4
17757 0 0 0 0 0 4 0
